0.010000 -1.000000 -1.000000 0.000000
0.020000 -1.000000 -1.000000 0.000000
0.030000 -1.000000 -1.000000 0.000000
0.040000 -1.000000 -1.000000 0.000000
0.050000 -1.000000 -1.000000 0.000000
0.060000 -1.000000 -1.000000 0.000000
0.070000 -1.000000 -1.000000 0.000000
0.080000 -1.000000 -1.000000 0.000000
0.090000 -1.000000 -1.000000 0.000001
0.100000 -1.000000 -1.000000 0.000004
0.110000 -1.000000 -1.000000 0.000018
0.120000 -1.000000 -1.000000 0.000060
0.130000 -1.000000 -0.999999 0.000167
0.140000 -0.999999 -0.999998 0.000398
0.150000 -0.999997 -0.999994 0.000843
0.160000 -0.999993 -0.999985 0.001619
0.170000 -0.999984 -0.999969 0.002870
0.180000 -0.999970 -0.999940 0.004754
0.190000 -0.999946 -0.999893 0.007441
0.200000 -0.999909 -0.999818 0.011098
0.210000 -0.999854 -0.999707 0.015884
0.220000 -0.999774 -0.999548 0.021941
0.230000 -0.999664 -0.999329 0.029391
0.240000 -0.999517 -0.999035 0.038331
0.250000 -0.999326 -0.998652 0.048835
0.260000 -0.999081 -0.998163 0.060952
0.270000 -0.998776 -0.997554 0.074708
0.280000 -0.998402 -0.996807 0.090109
0.290000 -0.997951 -0.995906 0.107144
0.300000 -0.997414 -0.994834 0.125788
0.310000 -0.996783 -0.993576 0.146002
0.320000 -0.996050 -0.992116 0.167739
0.330000 -0.995208 -0.990439 0.190945
0.340000 -0.994248 -0.988530 0.215561
0.350000 -0.993164 -0.986374 0.241524
0.360000 -0.991947 -0.983959 0.268771
0.370000 -0.990591 -0.981271 0.297237
0.380000 -0.989090 -0.978299 0.326857
0.390000 -0.987436 -0.975030 0.357568
0.400000 -0.985624 -0.971454 0.389310
0.410000 -0.983647 -0.967561 0.422022
0.420000 -0.981499 -0.963341 0.455648
0.430000 -0.979175 -0.958785 0.490133
0.440000 -0.976669 -0.953883 0.525425
0.450000 -0.973976 -0.948629 0.561477
0.460000 -0.971089 -0.943014 0.598241
0.470000 -0.968004 -0.937032 0.635673
0.480000 -0.964715 -0.930675 0.673734
0.490000 -0.961217 -0.923938 0.712384
0.500000 -0.957504 -0.916814 0.751587
0.510000 -0.953571 -0.909298 0.791310
0.520000 -0.949413 -0.901385 0.831520
0.530000 -0.945024 -0.893070 0.872190
0.540000 -0.940398 -0.884348 0.913289
0.550000 -0.935529 -0.875215 0.954794
0.560000 -0.930412 -0.865667 0.996680
0.570000 -0.925041 -0.855700 1.038923
0.580000 -0.919408 -0.845311 1.081505
0.590000 -0.913508 -0.834496 1.124403
0.600000 -0.907332 -0.823252 1.167602
0.610000 -0.900875 -0.811576 1.211081
0.620000 -0.894128 -0.799465 1.254828
0.630000 -0.887083 -0.786917 1.298825
0.640000 -0.879732 -0.773929 1.343059
0.650000 -0.872065 -0.760498 1.387517
0.660000 -0.864073 -0.746623 1.432188
0.670000 -0.855746 -0.732301 1.477057
0.680000 -0.847072 -0.717530 1.522117
0.690000 -0.838039 -0.702309 1.567356
0.700000 -0.828635 -0.686636 1.612765
0.710000 -0.818846 -0.670508 1.658333
0.720000 -0.808656 -0.653925 1.704057
0.730000 -0.798050 -0.636884 1.749924
0.740000 -0.787010 -0.619385 1.795928
0.750000 -0.775516 -0.601426 1.842064
0.760000 -0.763548 -0.583005 1.888324
0.770000 -0.751080 -0.564122 1.934700
0.780000 -0.738089 -0.544775 1.981190
0.790000 -0.724543 -0.524963 2.027787
0.800000 -0.710412 -0.504685 2.074485
0.810000 -0.695658 -0.483940 2.121280
0.820000 -0.680241 -0.462727 2.168167
0.830000 -0.664113 -0.441046 2.215143
0.840000 -0.647220 -0.418894 2.262203
0.850000 -0.629501 -0.396272 2.309342
0.860000 -0.610884 -0.373179 2.356558
0.870000 -0.591281 -0.349613 2.403848
0.880000 -0.570591 -0.325575 2.451208
0.890000 -0.548692 -0.301063 2.498635
0.900000 -0.525430 -0.276076 2.546125
0.910000 -0.500615 -0.250615 2.593676
0.920000 -0.474002 -0.224678 2.641286
0.930000 -0.445270 -0.198265 2.688949
0.940000 -0.413976 -0.171376 2.736606
0.950000 -0.379486 -0.144010 2.783896
0.960000 -0.340838 -0.116171 2.828033
0.970000 -0.296463 -0.087890 2.850240
0.980000 -0.243697 -0.059388 2.746831
0.990000 -0.178661 -0.031920 2.165728
1.000000 -0.101304 -0.010262 0.915588
1.010000 -0.033266 -0.001107 0.108507
1.020000 -0.004642 -0.000022 0.002149
1.030000 -0.000249 -0.000000 0.000006
1.040000 -0.000005 -0.000000 0.000000
1.050000 -0.000000 -0.000000 0.000000
1.060000 -0.000000 -0.000000 0.000000
1.070000 -0.000000 -0.000000 0.000000
1.080000 -0.000000 -0.000000 0.000000
1.090000 -0.000000 -0.000000 0.000000
1.100000 -0.000000 -0.000000 0.000000
1.110000 -0.000000 -0.000000 0.000000
1.120000 -0.000000 -0.000000 0.000000
1.130000 -0.000000 -0.000000 0.000000
1.140000 -0.000000 -0.000000 0.000000
1.150000 -0.000000 -0.000000 0.000000
1.160000 -0.000000 -0.000000 0.000000
1.170000 -0.000000 -0.000000 0.000000
1.180000 -0.000000 -0.000000 0.000000
1.190000 -0.000000 -0.000000 0.000000
1.200000 -0.000000 -0.000000 0.000000
1.210000 -0.000000 -0.000000 0.000000
1.220000 -0.000000 -0.000000 0.000000
1.230000 -0.000000 -0.000000 0.000000
1.240000 -0.000000 -0.000000 0.000000
1.250000 -0.000000 -0.000000 0.000000
1.260000 -0.000000 -0.000000 0.000000
1.270000 -0.000000 -0.000000 0.000000
1.280000 -0.000000 -0.000000 0.000000
1.290000 -0.000000 -0.000000 0.000000
1.300000 -0.000000 -0.000000 0.000000
1.310000 -0.000000 -0.000000 0.000000
1.320000 -0.000000 -0.000000 0.000000
1.330000 -0.000000 -0.000000 0.000000
1.340000 -0.000000 -0.000000 0.000000
1.350000 -0.000000 -0.000000 0.000000
1.360000 -0.000000 -0.000000 0.000000
1.370000 -0.000000 -0.000000 0.000000
1.380000 -0.000000 -0.000000 0.000000
1.390000 -0.000000 -0.000000 0.000000
1.400000 -0.000000 -0.000000 0.000000
1.410000 -0.000000 -0.000000 0.000000
1.420000 -0.000000 -0.000000 0.000000
1.430000 -0.000000 -0.000000 0.000000
1.440000 -0.000000 -0.000000 0.000000
1.450000 -0.000000 -0.000000 0.000000
1.460000 -0.000000 -0.000000 0.000000
1.470000 -0.000000 -0.000000 0.000000
1.480000 -0.000000 -0.000000 0.000000
1.490000 -0.000000 -0.000000 0.000000
1.500000 -0.000000 -0.000000 0.000000
1.510000 -0.000000 -0.000000 0.000000
1.520000 -0.000000 -0.000000 0.000000
1.530000 -0.000000 -0.000000 0.000000
1.540000 -0.000000 -0.000000 0.000000
1.550000 -0.000000 -0.000000 0.000000
1.560000 -0.000000 -0.000000 0.000000
1.570000 -0.000000 -0.000000 0.000000
1.580000 -0.000000 -0.000000 0.000000
1.590000 -0.000000 -0.000000 0.000000
1.600000 -0.000000 -0.000000 0.000000
1.610000 -0.000000 -0.000000 0.000000
1.620000 -0.000000 -0.000000 0.000000
1.630000 -0.000000 -0.000000 0.000000
1.640000 -0.000000 -0.000000 0.000000
1.650000 -0.000000 -0.000000 0.000000
1.660000 -0.000000 -0.000000 0.000000
1.670000 -0.000000 -0.000000 0.000000
1.680000 -0.000000 -0.000000 0.000000
1.690000 -0.000000 -0.000000 0.000000
1.700000 -0.000000 -0.000000 0.000000
1.710000 -0.000000 -0.000000 0.000000
1.720000 -0.000000 -0.000000 0.000000
1.730000 -0.000000 -0.000000 0.000000
1.740000 -0.000000 -0.000000 0.000000
1.750000 -0.000000 -0.000000 0.000000
1.760000 -0.000000 -0.000000 0.000000
1.770000 -0.000000 -0.000000 0.000000
1.780000 -0.000000 -0.000000 0.000000
1.790000 -0.000000 -0.000000 0.000000
1.800000 -0.000000 -0.000000 0.000000
1.810000 -0.000000 -0.000000 0.000000
1.820000 -0.000000 -0.000000 0.000000
1.830000 -0.000000 -0.000000 0.000000
1.840000 -0.000000 -0.000000 0.000000
1.850000 -0.000000 -0.000000 0.000000
1.860000 -0.000000 -0.000000 0.000000
1.870000 -0.000000 -0.000000 0.000000
1.880000 -0.000000 -0.000000 0.000000
1.890000 -0.000000 -0.000000 0.000000
1.900000 -0.000000 -0.000000 0.000000
1.910000 -0.000000 -0.000000 0.000000
1.920000 -0.000000 -0.000000 0.000000
1.930000 -0.000000 -0.000000 0.000000
1.940000 -0.000000 -0.000000 0.000000
1.950000 -0.000000 -0.000000 0.000000
1.960000 -0.000000 -0.000000 0.000000
1.970000 -0.000000 -0.000000 0.000000
1.980000 -0.000000 -0.000000 0.000000
